affine_degrees: 4
blur_sigma: 1.8034964079416347
brightness: 0.08527470844362398
contrast: 0.19140261339416764
erase_p: 0.21627831031824352
gamma: 0.8376755172540099
grayscale_p: 0.0038327599728860684
horizontal_flip_p: 0.3291008313106566
hue: 0.04626519621702294
lr: 0.00024339540281313713
nms_thresh: 0.49213608285539895
optimizer: Adam
perspective_distortion: 0.3162267859848416
perspective_p: 0.38988884461502044
saturation: 0.08225819092882525
scale_max: 1.1987523710889565
scale_min: 0.8193120596705972
scheduler: StepLR
score_thresh: 0.14514720702969774
shear: 13.858104456294301
step_size: 14
translate: 0.07798286509432392
vertical_flip_p: 0.06172228895945753
warmup_epochs: 4
weight_decay: 0.0009591703045215608
